NequIP增强型铁电分类器 v6 - 最终报告
生成时间: 2026-01-22 12:22:26

交叉验证结果:
 fold  accuracy  precision   recall       f1  roc_auc  threshold   confusion_matrix
    0  0.982181   0.542857 0.428571 0.478992 0.927724       0.66 (6778, 48, 76, 57)
    1  0.980313   0.484615 0.473684 0.479087 0.939310       0.64 (6759, 67, 70, 63)
    2  0.983044   0.572816 0.443609 0.500000 0.940607       0.68 (6782, 44, 74, 59)
    3  0.983906   0.617978 0.413534 0.495495 0.938246       0.68 (6792, 34, 78, 55)
    4  0.982610   0.557895 0.401515 0.466960 0.943976       0.66 (6784, 42, 79, 53)

性能统计:
accuracy: 0.9824 ± 0.0013
precision: 0.5552 ± 0.0485
recall: 0.4322 ± 0.0281
f1: 0.4841 ± 0.0135
roc_auc: 0.9380 ± 0.0061
